445
901
662
880
912
940
781
782
926
902
924
900
889
881
894
995
938
878
797
898
893
923
886
887
584
892
875
817
800
798
927
873
411
595
871
861
925
920
932
731
904
526
862
868
841
631
903
585
422
819
757
596
758
761
760
759
485
764
951
950
952
693
796
684
633
629
583
501
619
680
538
639
581
630
818
827
488
804
628
828
803
793
603
799
775
521
425
748
602
802
360
592
808
436
568
836
690
361
368
777
1487
1766
1768
1961
1460
1721
1722
1030
1463
1468
1469
1904
1479
1381
1458
1631
1634
1471
1656
1868
1832
1379
1477
1461
1875
1662
1663
1865
1688
1885
1814
1813
1554
1467
1910
1979
1665
1466
1457
1452
1422
1490
1511
1625
1628
1984
1578
1903
1817
1430
1672
1440
1850
1863
1441
1439
1423
1415
1778
1566
1063
1948
1362
1986
1779
1456
1654
1851
1565
1021
1377
1022
1777
1236
1987
1899
1974
1950
1906
1947
1700
1621
1962
1800
1845
1476
1822
1531
1861
1454
1706
1529
1789
1527
1556
1825
1085
1274
1626
1530
2685
2517
2675
2662
2013
2551
2058
2546
2289
2288
2528
2101
2451
2147
2676
2100
2326
2107
2112
2549
2716
2629
2718
2094
2462
2717
2098
2216
2205
2242
2052
2520
2099
2521
2380
2825
2805
2661
2315
2097
2650
2806
2540
2221
2563
2524
2314
2599
2071
2073
2006
2012
2014
2544
2066
2025
2023
2029
2016
2239
2690
2557
2391
2751
2796
2445
2606
2280
2472
2234
2057
2177
2129
2130
2435
2235
2797
2300
2174
2732
2156
2237
2227
2247
2553
2642
2648
2550
2417
2240
2330
2275
2322
2316
2313
2465
2842
2241
2291
2120
485364
485294
485314
485281
485290
485367
485341
485353
485297
485313
485298
485349
485273
485360
485346
485317
485347
485344
485275
485358
485270
485272
485350
485395
485345
485342
485318
485295
485366
485368
485351
485299
485391
485285
485352
485374
485287
485278
485277
485283
485286
485282
485393
485284
485337
485340
485980
485348
485941
485336
485979
485279
485338
485523
485528
485522
485525
485519
485524
485527
485526
485520
485521
485535
485288
485370
485276
485301
485369
485942
485280
485943
485944
485271
485963
485550
485559
485557
485558
485551
485548
485407
485339
485549
485547
485529
485540
485541
485950
485949
485968
485951
485517
485952
485983
485953
485518
485989
485536
485539
504891
504444
504834
504648
504832
504467
504847
504466
504332
504845
504327
504339
504333
504706
504937
504842
504894
504720
504810
504812
504749
504884
504558
504775
504690
504523
504621
504406
504582
504462
504408
504423
504652
504660
504577
504329
504490
504454
504734
504634
504700
504707
504803
504357
504651
504414
504411
504441
504692
504766
504326
504784
504774
504770
504794
504791
504716
504761
504721
504764
504744
504786
504705
504808
504865
504804
504793
504848
504850
504607
504668
504316
504318
504315
504320
504314
504465
504765
504792
504536
504488
504497
504492
504840
504501
504672
504753
504637
504636
504375
504374
504724
504719
504841
504687
504364
504548
504547
504756
504836
588590
588855
588856
588453
588456
588795
588579
588342
588591
588478
588489
588493
588621
588674
588492
588692
588391
588549
588473
588850
588413
588405
588458
588334
588475
588352
588819
588689
588354
588358
588727
588852
588436
588335
588726
588664
588814
588497
588501
588499
588519
588676
588675
588627
588511
588812
588813
588516
588535
588547
588537
588544
588533
588526
588546
588541
588515
588532
588545
588536
588534
588527
588514
588543
588834
588513
588778
588827
588397
588398
588832
588382
588820
588824
588794
588792
588379
588463
588378
588345
588349
588742
588343
588400
588719
588647
588780
588402
588779
588348
588524
588690
588691
588599
588601
588764
588600
588574
588538
588598
602332
602179
602310
602313
602233
602440
602244
602438
602274
602429
602329
602393
602340
602346
602342
602399
602449
602261
602481
602141
602363
602405
602396
602247
602229
602250
602281
602123
602163
602248
602252
602162
602410
602314
602196
602276
602277
602473
602180
602156
602472
602292
602296
602428
602441
602192
602293
602259
602194
602211
602210
602199
602330
602385
602333
602387
602200
602368
602201
602202
602369
602204
602361
602356
602318
602195
602193
602254
602374
602118
602260
602230
602417
602464
602124
602125
602372
602367
602235
602234
602236
602217
602215
602167
602166
602224
602168
602409
602382
602380
602420
602270
602386
602289
602181
602427
602243
602350
602378
602404
624246
624297
624170
624296
624417
624418
624202
624173
624263
624172
624291
624287
624288
624171
624415
624178
624354
624414
624304
624463
624464
624204
624465
624352
624168
624256
624330
624466
624126
624040
624125
624038
624377
624267
624169
624467
624483
624037
624416
624127
624268
624158
624255
624101
624156
624260
624151
624099
624044
624137
624030
624349
624032
624129
624031
624167
624344
624504
624141
624139
624136
624138
624326
624327
624405
624157
624491
624474
624351
624252
624132
624404
624300
624134
624146
624325
624378
624147
624455
624248
624379
624305
624249
624381
624331
624002
624251
624380
624148
624250
624133
624392
624149
624309
624273
624319
624115
624322
624479
624111
651635
651820
651644
651768
651647
651965
651725
651631
651819
651699
651724
651636
651610
651560
651687
651723
651661
651550
651640
651582
651704
651654
651711
651702
651999
651811
651710
651957
651958
651821
651572
651800
651719
651602
651718
651658
651633
651634
651632
651838
651810
651548
651828
651741
651743
651749
651903
651758
651755
651754
651757
651751
651778
651777
651596
651650
651616
651815
651813
651814
651812
651561
651802
651742
651740
651739
651558
651564
651700
651804
651630
651744
651593
651568
651597
651803
651997
651611
651951
651703
651952
651615
651787
651783
651995
651955
651785
651614
651613
651595
651953
651567
651705
651994
651780
651674
651612
651580
651784
651581
720706
720709
720542
720504
720708
720707
720711
720580
720579
720553
720551
720635
720692
720691
720647
720641
720511
720582
720702
720596
720704
720700
720543
720508
720648
720509
720693
720634
720717
720574
720532
720533
720554
720679
720678
720681
720674
720687
720683
720685
720684
720675
720686
720680
720682
720505
720659
720653
720636
720488
720637
720502
720725
720552
720719
720506
720507
720516
720534
720536
720535
720496
720652
720537
720513
720514
720524
720540
720541
720523
720538
720522
720569
720501
720573
720584
720498
720559
720572
720575
720576
720591
720503
720497
720519
720658
720518
720632
720499
720697
720597
720517
720650
720690
720512
720491
720710
720646
720589
720588
743255
743266
743279
743035
743069
743222
743036
743094
743191
743202
743075
743223
743215
743217
743212
743220
743210
743287
743397
743398
743238
743247
743126
743269
743445
743014
743012
743015
743064
743065
743083
743079
743042
743080
743084
743033
743074
743086
743081
743085
743194
743225
743041
743213
743218
743211
743224
743209
743221
743203
743066
743040
743093
743121
743454
743288
743244
743292
743449
743063
743346
743219
743344
743345
743347
743078
743199
743067
743139
743020
743077
743226
743240
743242
743054
743140
743053
743091
743122
743228
743227
743241
743239
743021
743032
743027
743261
743051
743258
743050
743417
743256
743286
743257
743262
743044
743205
743207
743285
743043
