Toxicity related Assays
902
924
904
903
485276
485540
485517
485518
504648
504466
504582
588742
588719
602340
602141
602204
624405
624300
651634
651632
651838
651742
651744
651994
720516
720523
720559
720576
720697
720690
720491
720589
720588
743014
743012
743015
743021
743044
743043
485523
485528
485522
485525
485519
485524
485527
485526
485520
485521
485529
485517
485518
595
2029
871
862
827
602276
602277
619
720504
731
1899
1906
1822
1531
1706
1529
1530
2216
2073
2300
485273
485270
485351
485301
504411
504687
588664
602195
602193
602124
602125
602181
602404
624204
624416
651699
651710
720582
720596
720704
720700
720648
743397
743126
743269
743261
743258
743256
743257
2642
2648
2330
2322
624267
624268
743093
1868
485407
595
2098
624377
2661
2330
2322
651550
588458
602385
602387
602382
602386
504734
588690
588691
485273
485351
504687
602404
651699
731
631
588352
588354
588820
588824
588794
588792
602235
602234
602236
602167
602166
602168
651957
2661
2330
2322
624256
720488
802
808
624479
651757
2675
861
504634
504692
651719
1700
1825
485336
485338
920
932
504465
485941
485942
485943
485944
720559
651572
588378
588349
651635
2675
504793
743121
485349
504793
504454
2300
602229
624378
624379
624204
880
1477
504375
504374
2553
2550
1566
624267
624466
624467
651951
651952
651787
651783
651955
651785
651953
651780
485281
485519
602313
624296
1961
2013
485287
485279
828
803
748
602163
602270
651718
651710
720700
743258
1477
504375
504374
2240
588334
927
504724
504719
588379
602310
602313
651815
651813
651814
651812
588352
588794
588792
602234
602167
602166
602168
602192
602194
602195
602193
588379
602310
602313
651815
651813
651814
651812
504462
504756
588400
588402
2057
588795
720498
2275
1779
2796
651777
743086
743085
743122
651610
743121
802
808
504770
651704
2237
2227
2247
602244
602409
624129
485360
602224
624169
624381
624380
651634
651632
720516
504333
624246
651804
651803
777
602179
624101
624002
504497
588600
485290
1458
602429
504865
743255
504414
602252
602254
720511
2528
720503
1511
588834
624246
651804
651803
720553
720551
602367
1779
588458
602385
602387
602382
602386
485314
2540
504501
588601
602440
624319
624322
720553
720551
1578
485313
894
588354
588820
588824
602235
602234
602236
602168
743205
743207
1415
504845
602260
624172
624148
624126
624125
624127
748
2239
2156
926
938
731
631
603
1663
1817
1706
485353
485347
485344
485358
485351
485391
485285
485374
485287
485278
485277
485283
485286
485282
485393
485337
485980
485336
485979
485279
485338
485370
485369
485271
485407
504444
504648
504652
504660
504577
504490
504454
504700
504707
504651
504488
504497
504492
504501
504687
588473
588475
588358
588516
588535
588537
588515
588536
588534
588397
588382
588647
588599
588601
588600
588598
602473
602180
602356
602118
602380
602427
602378
602404
624297
624296
624171
624463
624464
624465
624256
624466
624467
624455
624149
651811
651572
651810
651741
651778
651593
651597
651611
651951
651703
651952
651787
651783
651955
651785
651595
651953
651705
651780
720532
720653
720636
720506
720507
720524
720523
720522
720519
720518
720517
743035
743036
743094
743191
743202
743215
743212
743445
743083
743042
743084
743033
743194
743041
743213
743211
743203
743040
743063
743219
743199
743139
743226
743054
743140
743053
743227
743044
485342
2599
504492
588598
651957
588855
588856
624170
624146
504847
588541
588543
602199
602200
602201
602202
602204
743222
743223
743225
743224
743242
743241
892
875
436
624202
624158
1471
1688
720635
1487
720637
889
602233
504724
485980
485979
588544
881
887
1452
2058
485283
485286
624256
651768
720503
720497
720499
1030
588535
588534
743215
743212
743213
743211
743226
743227
926
938
504810
504812
602292
602441
602293
624044
624032
651687
651723
720513
720514
624246
651804
651803
624040
624038
624037
504634
504357
504692
504326
602194
624380
900
923
720574
602367
651610
651754
720637
819
796
504444
504648
651658
651815
651814
720636
720646
743269
588537
588536
743094
743191
743194
743199
743140
720634
2676
588819
588852
588814
602247
602250
602248
485270
504634
504357
504692
504326
602194
2057
2177
2129
2130
2174
2291
504364
588664
588524
588574
588538
602396
602124
602125
602181
624297
624296
651611
651615
651614
651613
892
875
436
2057
2177
2129
2130
2174
2291
504364
588664
588524
588574
588538
602396
602124
602125
602181
624297
624296
624202
624158
651611
651615
651614
651613
892
875
588378
588349
651635
485548
